37567
23332
56260
22121
52150
42824
36662
28264
34910
16258
33997
6105
42979
29350
30295
28251
11193
27826
53724
3559
51581
14555
5688
17309
12919
35334
62604
6543
4978
33780
46769
7599
61827
35869
60677
2927
19588
28865
43555
12080
25395
39669
2266
20612
47374
11659
33583
44764
1949
54088
55204
35258
40398
726
10111
21504
46374
55971
23799
23
59224
41633
13799
23089
29795
63987
61019
40304
19192
47893
4401
62078
61425
30320
31610
20487
14136
53659
58441
60013
54738
11549
62888
34162
54088
15298
8114
15211
50542
2384
11115
47021
7671
41847
17260
10132
2652
51950
46010
56643
62991
58466
17333
33522
29040
46422
29708
60377
30507
14471
31312
51861
64211
11300
58227
33436
40805
39532
57664
46376
2322
63300
27738
16467
41848
64356
18197
64225
62054
58373
13734
16155
45100
27847
18497
11508
34472
48415
11079
44548
6437
41775
7199
38626
12725
8151
21893
34593
7797
19209
44939
20053
57138
35012
28056
61119
33668
32270
6716
51286
43506
3796
9538
57034
11055
18807
14160
34068
44656
42890
50828
24492
52785
40180
3243
42381
3360
31661
42979
46606
43570
10956
47119
35021
18055
51160
28707
39775
47391
47525
52266
57486
41054
138
19795
52485
39315
10440
25326
1902
12340
30161
4138
64652
53888
61447
44523
50458
32073
32398
38298
29007
34140
13432
30865
5894
26781
18423
1775
31326
62336
41905
58242
1694
12146
49633
16466
9632
29830
10059
39777
4107
59823
50393
7342
36730
40137
10943
61638
7930
56043
31551
32077
33907
23637
40429
33349
45301
18960
19137
41649
7328
53230
5866
40104
16188
22749
63496
54127
28376
22273
30169
4308
44100
33193
33383
23845
30701
17049
13799
505
4911
63298
16855
45758
55410
6838
9920
6648
493
8129
9642
51876
6603
2201
41477
42284
55518
51367
36508
59040
49551
28134
28837
20995
50466
32685
9036
40558
39032
4536
31764
46084
36076
45318
10805
23895
12393
38384
6090
13629
12166
51475
26799
33370
58178
6258
10123
54328
11484
40116
17046
63911
14990
64792
42835
59362
8897
51395
55965
30077
61009
56953
8693
9745
20535
36451
16235
25526
28514
36062
29627
21653
31097
61219
17929
23681
16428
54281
52899
24564
39316
28983
36416
3615
13517
31125
22019
3656
51378
302
20962
39085
4560
34586
53154
10210
49292
56307
3124
58423
59151
31845
55466
47768
29321
18694
47837
47790
62069
30561
50414
4082
13705
12849
30244
22150
52398
47247
53096
2458
11103
21281
25163
42498
8180
11296
35573
55991
41087
53433
34917
47738
12179
51469
37547
32801
21086
34047
63727
47656
1231
43217
20818
60572
48007
12775
46846
12868
11330
45960
22489
39284
48745
6781
20189
54903
36066
40359
8918
3897
19037
14110
42849
37362
2111
48537
24411
1400
57452
22201
37204
19889
16820
61657
47053
60311
12230
1118
54449
63159
8333
24939
61795
2130
23566
62856
65447
7751
24426
32201
43918
57448
57809
6883
1927
1388
49496
56995
25210
16505
30673
10884
57378
1106
21351
9982
28233
6452
48649
40919
35384
1343
30658
9382
39127
22589
1415
47786
48629
14907
21893
38894
35868
2942
65152
64546
17063
19356
44756
4914
52084
26563
42043
64910
14630
64801
3322
21411
8813
48853
20674
16965
6805
44613
43150
20036
29669
3187
31854
54051
61825
10731
29148
60714
40069
34015
20400
1864
24437
61603
9250
8795
44026
31453
55239
56089
21906
34832
23629
34531
4208
1623
24885
39880
711
24901
16976
13831
28707
4111
13597
31434
24227
38674
29254
62872
54564
51711
47339
53769
58358
7322
30950
1493
32658
10083
47591
32445
33460
62386
25870
9327
10984
39554
32920
48681
36025
43481
42595
26499
54057
14776
8722
25793
25990
43473
44876
38576
3840
28752
26523
7520
2297
59168
38593
37269
58407
35630
36668
39832
4512
2057
17601
9311
37791
50283
6707
20820
49975
31173
35421
25653
15259
60487
55375
17718
49753
51708
58536
20134
21788
28968
25009
7302
36481
14302
36876
61546
925
21379
14978
18579
34794
44623
65466
51479
58725
34275
61065
36047
18141
16380
49998
31394
37698
21618
36031
49175
20096
52579
25294
5313
18118
45740
3400
49390
45375
46102
49058
30099
11874
47413
22123
4498
4436
17853
5928
18969
52960
12512
51058
30261
33801
19631
55815
12907
29207
50038
27284
15567
17095
4895
10597
28341
2801
19901
12609
35645
49407
14634
61850
17243
9987
55764
59522
11700
45697
9562
18447
62433
32350
64487
58691
58549
51665
597
59482
52589
29275
42690
49836
7935
31380
3030
27344
15102
21630
4319
61162
24901
55323
25640
5393
18101
40632
60888
11537
23180
48294
51906
62287
15552
24234
4979
42221
51587
49649
21429
16220
24021
62885
40096
37875
58425
14361
44809
63661
45113
63379
49185
13472
59645
13293
42577
63204
2002
25340
56265
64509
56408
573
13806
44708
20152
42202
43110
57119
15705
51646
3821
22183
61759
56055
9694
60611
42680
59781
23905
6485
4479
36845
37390
10605
59521
44610
26278
34168
53182
48155
43111
18094
9024
19640
61957
32425
34383
12070
31596
32874
53999
44057
30083
33945
20687
42446
29820
42312
34078
28471
45040
18020
38848
47152
27023
4528
11012
55242
45169
7546
41721
31942
17367
12013
38284
37681
19228
14808
26226
13491
25959
55903
44662
15455
41321
65437
54855
38451
55120
62176
28456
25328
46214
21558
4120
21051
19676
11449
27344
13197
61136
24480
37139
17062
13263
14022
65247
29211
12554
38030
33097
18029
23772
11702
57869
21085
14089
43111
54824
12752
17077
21631
55149
57349
5873
33385
44848
24697
39264
2926
49212
4955
13628
3948
55616
26603
39609
2413
9330
25593
18220
22028
54801
8402
30810
60782
36674
42819
58448
7479
7877
48640
30260
22545
51735
19600
46925
62817
39316
61488
29862
57325
5546
38204
38167
31471
25593
9695
7141
23836
65101
15114
41263
13948
9209
52937
28131
15084
19849
5008
11444
38429
3169
10979
16170
47321
59547
41892
11598
6348
41228
38107
64069
17967
8317
16872
49
60296
4498
26746
7340
28154
5506
23551
44253
58861
45563
40305
3930
6947
21940
44557
581
2619
45640
61293
22649
22230
51829
49276
47238
27422
46840
62579
42693
1446
24341
52274
14424
40874
24022
54001
58014
37368
34661
14763
51429
48218
2996
24820
17385
58544
62064
19383
43953
7683
39145
22137
26411
34597
